0 -12 -65 -20 -45 -31 -15 -3 -37 -81 1 -15 -71 -54 -98 12 -49 -35 -94 -47 -52 -98 -97 -17 -34 -32 -8 -38 -18 -89 -28 -21 -8 -87 1 -18 -91 -100 -77 -63 -68 -15 -14 -3 -17 -2 -61 7 -61 -84 -1 -8 7 -47 -72 -55 4 -96 -58 -11 -20 5 -1 -53 12 -91 12 -42 2 -61 -15 -45 -82 -85 -8 7 11 -44 13 11 -61 -85 -38 -7 -92 10 7 -79 18 -100 -97 18 -40 -82 -95 -15 -44 7 -64 17 
-12 0 0 -78 -46 -2 -23 -55 16 -39 -81 -52 -12 -57 -57 -62 18 -82 -65 -92 -45 -72 3 -25 -16 -92 -61 -93 -78 -61 -31 -86 -97 -30 -47 -11 -40 -83 -97 -82 -94 -65 -62 -78 -66 -16 8 -89 -55 -63 -44 -97 -42 -53 -1 -97 15 -94 -35 -100 14 -16 -81 -87 4 -44 -88 -47 -81 4 -51 -94 -89 -44 -3 16 -95 -5 2 16 -23 -91 0 14 -59 -63 -62 1 -59 12 -50 -19 14 -53 -32 -91 -60 -30 -25 -17 
-65 0 0 -49 -33 -57 -20 -18 -5 1 9 -19 -76 -9 -49 -62 -83 4 5 -58 -21 -79 -5 -4 -63 8 -40 13 14 -92 -83 3 6 -6 -33 -51 8 17 -89 -96 -67 -18 -2 -33 -84 0 13 -72 -50 20 -5 8 -37 -5 -2 -96 -42 -85 -71 -24 -62 -47 -71 -60 -46 2 20 -59 -4 -56 18 -99 -64 -32 -96 -31 -17 -94 -51 -87 17 -66 -71 11 -45 -86 -27 -17 -89 -40 -37 -89 -69 -31 -53 9 -3 -99 19 6 
-20 -78 -49 0 20 5 -31 -8 -13 -55 -56 -92 -13 -90 11 -6 -79 -44 -11 -35 -50 -74 -87 -72 -29 -89 -85 -69 -47 -60 -28 -6 -8 -40 -16 -15 -97 -15 -62 -4 -94 -50 -69 13 -16 -17 -72 -90 -69 -65 -82 -14 6 -35 -40 -87 -7 -59 -9 -34 -45 -37 -84 -6 -22 -34 -39 -19 14 -99 -43 -43 -27 -52 -26 -99 -56 -24 -48 20 -21 -34 -34 -35 -13 -1 -50 -47 -46 -33 -85 -91 6 1 -53 -35 13 -1 14 -33 
-45 -46 -33 20 0 -38 -70 12 -93 12 -45 -14 -34 -72 -94 -78 -38 -77 -17 -99 -77 14 -40 -60 6 -77 13 -100 -29 7 -41 -97 -7 -75 -91 -72 -2 -17 -25 -5 -80 -59 -49 -90 -94 -9 -34 -76 -43 -6 -46 -23 -53 19 15 -55 -95 -92 -71 -100 -67 -12 -85 5 -45 -47 -74 -18 -3 -37 -65 -28 -23 -93 -80 -90 -58 -75 -32 -38 17 -12 -82 -30 -49 5 -46 -39 -68 -75 -12 -84 6 -51 -2 -70 -47 -34 -7 -33 
-31 -2 -57 5 -38 0 0 -3 -28 -64 -89 -31 -65 -26 -91 -100 -82 -79 -43 -90 -49 -26 -31 -16 -36 -80 -42 -80 -18 -34 -83 -15 -9 -57 -79 9 1 20 -7 -83 -68 -73 17 14 -40 -63 -93 -72 -61 -68 17 -18 -24 -58 -64 -48 -6 3 -91 -96 -49 -24 -26 -99 -67 19 -38 -85 -12 3 -18 -69 -83 -82 -33 -94 -20 -19 -85 -22 -78 -87 -58 -73 -48 -45 -55 -2 -45 -5 -53 -43 -40 18 -40 -30 -84 -2 -58 -13 
-15 -23 -20 -31 -70 0 0 -27 10 -43 -28 14 -39 -4 -1 -1 -61 18 -1 0 -84 -12 2 -70 -54 19 -94 -41 -31 -13 -15 -47 -85 -39 -50 -59 -84 2 -56 -22 -24 -8 -60 -21 -29 -95 -53 -14 -79 -4 -84 4 -66 -83 -77 -4 -34 -96 -16 -61 -5 -26 -2 -66 19 10 -91 -11 -42 -48 -11 -20 -41 -62 -43 -1 -81 6 -33 -76 -30 -91 5 -41 -66 -23 12 -96 18 -62 14 18 -68 -66 5 -87 -48 5 14 14 
-3 -55 -18 -8 12 -3 -27 0 -49 -22 19 -28 -23 -21 2 -18 -50 -78 16 -64 -88 -36 12 -12 -52 -75 17 -79 -22 -11 -96 -63 14 -17 -71 -18 20 -99 -14 4 -87 -57 -31 -61 -63 -63 -30 14 -14 3 12 -59 16 20 1 -96 -86 -74 -69 3 -75 -49 -4 0 -24 -44 -72 -38 -6 -85 -9 -24 8 -28 -81 -80 -68 8 -96 -19 -9 0 -52 -20 -59 -66 -83 16 4 -56 -83 -67 -79 -3 -93 16 -100 -73 -33 5 
-37 16 -5 -13 -93 -28 10 -49 0 -30 -63 -50 -81 -85 -53 1 -41 -33 14 -56 -8 -73 6 -87 -7 -74 -32 -48 -83 -52 -64 -21 17 8 -97 -68 -83 -78 -75 -22 -24 -73 -97 -69 9 -45 -27 -39 3 -26 9 -61 -14 -10 18 -83 -80 -23 -85 -18 -38 -65 5 -57 4 -63 -45 -23 -77 -81 -24 -88 -68 -83 -82 -26 19 -10 14 15 -51 -23 12 -71 9 12 -46 -17 -27 -62 -57 -21 -100 5 -41 20 -10 -53 -44 20 
-81 -39 1 -55 12 -64 -43 -22 -30 0 -29 -60 -19 19 -75 17 -71 -15 -84 -51 -33 -45 16 -20 -3 -46 -58 -33 -88 -23 -82 -44 -98 -10 -23 -93 -18 -7 -23 -81 -76 -99 -56 -33 3 -77 -23 -17 -43 6 -87 -54 -14 -8 -67 -71 -36 -94 -72 11 -51 -95 -74 -97 -11 -3 -81 -44 -76 -46 -6 -96 -23 -26 -14 5 -51 -60 -83 0 8 -77 -4 -45 3 -93 -7 -50 -77 15 -16 -33 -60 -21 -31 -45 10 -95 -68 -52 
1 -81 9 -56 -45 -89 -28 19 -63 -29 0 6 -82 -7 -67 -87 -95 -34 -53 0 -86 -33 9 -73 -44 -45 -95 -23 -68 -85 -78 -82 -18 5 -49 -25 -1 -14 15 -66 -74 -38 -30 -20 -83 -65 -67 -70 -34 20 -97 -9 15 10 -61 -29 -35 -62 4 -59 5 5 6 4 -64 9 0 -80 -100 0 16 -73 -28 -90 -39 -94 -82 12 -57 -73 4 -66 -46 -26 -21 -41 12 -64 -31 -37 12 -57 -69 -64 -83 -61 -43 -33 -52 -86 
-15 -52 -19 -92 -14 -31 14 -28 -50 -60 6 0 -35 2 -55 -19 -57 -83 -62 15 -64 -49 -56 18 -62 -97 -11 13 -99 -78 11 -46 19 17 -34 10 -20 -63 -78 -81 -4 -61 7 -27 -13 -5 6 -8 -60 -64 -98 -59 -66 -42 -43 19 -57 -12 -75 -59 -50 -32 2 2 -63 -82 -33 -31 -90 17 5 -30 -56 -76 -87 -13 -31 -74 19 0 13 -77 -76 -16 -16 -5 -46 -71 -25 -39 4 -84 -26 5 -26 -73 -25 -6 9 -97 
-71 -12 -76 -13 -34 -65 -39 -23 -81 -19 -82 -35 0 20 -77 -43 4 -84 -94 -68 -58 -73 11 -4 -27 -47 -25 -89 20 -37 -76 -23 -49 -82 1 -70 -19 -57 2 14 -39 -94 -82 10 -33 -48 -23 -68 -57 -80 -8 17 -40 -70 -62 -31 -49 -92 15 -68 -69 12 -50 18 -55 -98 6 0 -51 -57 -7 -57 -19 -91 -70 19 -63 -52 -85 8 -61 -14 -24 11 -30 -57 10 -5 9 -88 -74 -95 -15 -13 -69 -41 5 -54 -87 -43 
-54 -57 -9 -90 -72 -26 -4 -21 -85 19 -7 2 20 0 -81 -24 -56 -41 -39 -78 -20 -30 15 -2 17 -98 -40 -89 -95 -41 -72 -91 -81 13 7 -78 5 -75 -35 -62 -42 -68 -8 7 6 3 -24 -57 6 -28 -80 -53 13 -25 -59 -83 18 -66 -48 -70 -11 -53 20 -91 -82 14 -38 20 18 -54 20 -15 -8 -37 -94 -35 -80 -34 -3 -78 -6 13 -65 -41 11 19 -7 -27 -81 -87 -4 -35 -24 -69 7 18 19 -57 -10 -66 
-98 -57 -49 11 -94 -91 -1 2 -53 -75 -67 -55 -77 -81 0 -10 -92 -3 -48 -43 -68 -35 -44 -74 13 -98 -5 15 -25 -7 -1 -32 -34 -83 -33 -93 -14 -88 -59 -57 -65 -100 -20 15 11 -85 -28 17 -86 9 14 -53 20 -98 -14 -59 -5 -29 -2 -3 -21 -9 -97 12 -50 -82 -2 -41 -88 -44 -71 2 -43 -71 -55 -85 7 -81 -33 -5 -66 -12 -35 -66 -67 -40 -99 -67 2 -3 -4 -27 2 -70 -81 -100 -89 -63 -42 -23 
12 -62 -62 -6 -78 -100 -1 -18 1 17 -87 -19 -43 -24 -10 0 1 2 -66 -5 8 -90 -87 -15 -48 -5 -47 -74 -84 -35 12 -40 -80 8 -41 19 0 -2 -72 -55 -45 -42 2 -31 -74 -66 -10 -100 -53 -27 -86 -26 -69 -98 -39 -5 -55 2 -64 -15 -39 -22 -22 -28 -6 -82 -96 10 -17 -72 -95 2 0 -5 -83 -61 -33 6 -35 -29 -57 -92 -22 -8 -66 -88 6 -43 -16 -31 -69 -37 -62 -52 -60 -27 19 17 -4 -94 
-49 18 -83 -79 -38 -82 -61 -50 -41 -71 -95 -57 4 -56 -92 1 0 -71 -71 -83 -90 16 -52 -36 -41 19 -97 -74 -45 2 -79 -15 3 -89 -95 -31 -27 -24 -83 -14 -27 15 -59 -51 -90 -75 -97 -23 -81 -10 -93 -84 -95 -8 -88 -48 -3 -14 -47 -31 -54 6 -22 -9 -87 -27 -74 -31 -10 -4 -1 -87 -83 -78 -69 -25 -97 -92 -2 -66 -11 -74 -80 -66 -7 10 3 -44 -88 17 13 -11 14 -16 -58 -89 20 14 -4 -88 
-35 -82 4 -44 -77 -79 18 -78 -33 -15 -34 -83 -84 -41 -3 2 -71 0 -70 -9 -49 -70 -47 -3 -56 -82 6 13 -24 -23 -56 -75 -62 -24 -76 -36 -28 -51 -80 -62 -51 -8 -32 -16 -27 9 -72 -13 -26 1 8 1 -11 -57 -34 -61 -95 7 -3 -99 2 6 -93 6 -88 10 -67 -85 -2 -17 -84 -80 -28 -53 -13 14 -90 -93 -21 12 -56 13 -94 -10 -21 -60 14 -81 -17 -5 -4 -62 -9 -54 -8 -79 -50 17 -73 -27 
-94 -65 5 -11 -17 -43 -1 16 14 -84 -53 -62 -94 -39 -48 -66 -71 -70 0 18 -20 -12 -83 -31 -2 -39 -30 -57 -28 -88 -75 -51 -78 -87 -93 -79 -100 -42 -57 9 -8 17 -41 -95 -14 -46 10 -65 -24 16 -93 -32 -35 -48 -81 -8 -38 -22 -27 -93 -22 -97 -39 -47 -17 12 -26 12 -66 7 -11 -32 13 -60 -41 -99 6 -9 19 -60 -55 -17 -53 -81 -99 -8 10 -98 11 -79 -77 -11 -97 -72 8 -63 -65 1 -66 -66 
-47 -92 -58 -35 -99 -90 0 -64 -56 -51 0 15 -68 -78 -43 -5 -83 -9 18 0 12 -1 -72 7 -38 -1 -11 -63 -7 5 16 -19 -38 -66 2 -19 -68 -70 -65 11 -66 -64 -41 -50 -49 -40 -67 -76 -60 -16 -17 -98 -26 -31 -89 -44 -10 -36 -75 -32 -49 -53 -84 -4 -5 -66 -35 -10 -45 -64 -70 -65 -52 -51 -83 1 19 -65 -16 -4 -8 -64 16 -96 3 10 7 -80 -46 11 -18 -77 -84 -61 -18 -56 -43 -24 -77 -14 
-52 -45 -21 -50 -77 -49 -84 -88 -8 -33 -86 -64 -58 -20 -68 8 -90 -49 -20 12 0 -53 -16 8 0 -61 -48 -47 16 -89 -46 -35 -30 -52 8 -84 -45 17 -29 -98 -66 -51 -27 -88 -47 -39 -65 -78 -53 -15 -66 -76 -71 -77 3 4 -46 -93 -94 -18 0 -90 -55 -82 -45 -78 17 -63 -6 -58 -6 -47 -3 -47 -57 -97 -89 -25 2 -30 -51 -97 -86 -3 -36 -32 -97 -33 -47 -91 -84 -7 -62 -72 -23 -18 -53 -37 -50 -40 
-98 -72 -79 -74 14 -26 -12 -36 -73 -45 -33 -49 -73 -30 -35 -90 16 -70 -12 -1 -53 0 -49 -42 -24 0 -2 -54 19 -8 -71 -38 -29 17 -93 -63 0 -82 -28 -93 -9 -16 -49 0 -49 -72 -91 -52 18 -67 -97 -6 -2 12 15 -15 -78 -88 9 -39 8 -13 -20 -41 -23 -37 19 -17 -67 -99 -49 -43 6 -25 -83 8 -89 9 1 -74 -56 -64 11 -34 -33 -13 -57 -84 -65 -38 -15 -10 -60 -67 11 -81 -88 -96 -35 -62 
-97 3 -5 -87 -40 -31 2 12 6 16 9 -56 11 15 -44 -87 -52 -47 -83 -72 -16 -49 0 -9 -74 -41 5 -69 -83 -98 -61 -88 -19 -68 -4 -79 -25 -30 12 20 -81 -78 -68 -12 -21 -58 -18 6 -7 -21 -70 -1 -100 -93 -99 -7 6 -77 -67 2 -63 15 -58 18 -75 -10 -52 -59 -27 -54 -64 -35 -65 -72 -56 -12 18 -96 15 -94 -36 -12 -61 2 -55 -19 -10 -20 -76 -42 17 -3 16 0 -60 -18 -17 18 -12 -51 
-17 -25 -4 -72 -60 -16 -70 -12 -87 -20 -73 18 -4 -2 -74 -15 -36 -3 -31 7 8 -42 -9 0 -36 -29 -52 -21 -62 -10 -84 17 -100 -56 -9 -6 0 2 -2 -30 -35 -26 -17 -85 -100 -76 -30 -47 -51 0 -52 -81 5 -89 -47 -16 1 -23 2 -17 -73 -3 -33 -52 -54 -44 -60 -96 -48 -51 -69 14 19 -35 -76 -18 -49 15 -43 -76 -50 -83 -84 -73 -42 -51 -49 15 14 3 -82 18 4 -53 -75 -67 -79 -74 -45 -16 
-34 -16 -63 -29 6 -36 -54 -52 -7 -3 -44 -62 -27 17 13 -48 -41 -56 -2 -38 0 -24 -74 -36 0 6 4 -55 -14 -85 -76 -25 -100 -63 11 -67 -93 -33 -32 -33 -37 -85 -78 -50 -43 -29 -96 -39 -4 -47 -41 -84 -99 -90 -21 1 -57 -65 -38 5 -49 -75 -1 -2 -21 -78 13 -85 -16 -6 -82 17 -28 -64 -81 -72 -45 -82 -96 -8 -4 -24 -75 -63 -66 -63 -56 -33 -15 6 10 6 -64 -9 -33 -95 -34 -10 -26 -84 
-32 -92 8 -89 -77 -80 19 -75 -74 -46 -45 -97 -47 -98 -98 -5 19 -82 -39 -1 -61 0 -41 -29 6 0 -18 4 -81 -97 -66 -89 -33 -74 5 -94 -18 -68 -98 -4 -65 -56 -96 -18 -91 -64 -92 -12 -46 -55 -70 18 -52 -45 -42 -79 -89 -22 -72 -80 -83 -97 -4 -39 -56 -3 -11 -86 -71 -80 -15 11 -20 19 2 -49 -57 7 -32 -38 3 -73 16 -30 -15 -100 -88 -68 -69 -68 1 -67 -74 -44 -60 -96 -77 -65 -95 -22 
-8 -61 -40 -85 13 -42 -94 17 -32 -58 -95 -11 -25 -40 -5 -47 -97 6 -30 -11 -48 -2 5 -52 4 -18 0 -5 18 -63 -11 -18 -90 -34 -76 -48 -56 -57 -1 9 -58 -80 -16 -19 -15 -90 -87 -76 2 -46 -77 -43 -72 -28 16 -68 -100 -64 -13 -58 -58 -3 -61 -71 15 -80 -60 -47 -12 -12 -69 -46 -45 -51 -51 -68 -96 -84 -13 -23 -11 -50 -90 -18 -58 -89 -91 -84 -78 -10 -56 -4 -24 -54 -76 -9 -11 -29 -36 -83 
-38 -93 13 -69 -100 -80 -41 -79 -48 -33 -23 13 -89 -89 15 -74 -74 13 -57 -63 -47 -54 -69 -21 -55 4 -5 0 -89 -55 -83 -94 -38 -59 15 -78 -50 -51 2 -85 -84 10 6 -42 -9 8 -45 -89 -43 12 -32 -76 0 -38 19 13 -46 -60 13 -7 -53 15 -46 5 -5 -16 -75 18 -52 -82 -51 -47 -88 -97 -68 7 -89 -57 -5 -24 -24 -54 -33 -61 -76 -36 -86 -65 10 -56 -78 -70 -59 -32 -40 -69 -85 -26 -76 18 
-18 -78 14 -47 -29 -18 -31 -22 -83 -88 -68 -99 20 -95 -25 -84 -45 -24 -28 -7 16 19 -83 -62 -14 -81 18 -89 0 -25 -88 -72 -68 -53 -91 15 -74 -31 -41 17 -62 -32 -69 -85 14 -66 -35 -62 18 -61 -58 -63 -85 -24 -77 -56 -82 17 8 -32 -63 -43 -92 10 -84 -64 -6 -89 -3 -71 -19 -73 -98 -43 -4 -52 -13 -92 -76 -63 -25 -83 -46 -3 -74 -38 -4 -92 -59 -71 -70 -8 -66 -99 -24 -83 -18 -24 -36 -76 
-89 -61 -92 -60 7 -34 -13 -11 -52 -23 -85 -78 -37 -41 -7 -35 2 -23 -88 5 -89 -8 -98 -10 -85 -97 -63 -55 -25 0 -91 -29 -91 -21 -90 -34 -16 -74 -14 -60 -70 19 -99 -50 13 -65 -41 -5 -71 -71 -54 -6 -73 -15 -52 6 -67 -58 -31 -51 -60 -34 13 -82 -14 3 -3 -47 -69 -79 11 -35 9 -18 -9 -23 -49 -20 -34 -38 -2 -75 -32 9 -35 -21 -66 16 15 -1 -78 -59 -4 -54 -64 -34 10 13 -14 13 
-28 -31 -83 -28 -41 -83 -15 -96 -64 -82 -78 11 -76 -72 -1 12 -79 -56 -75 16 -46 -71 -61 -84 -76 -66 -11 -83 -88 -91 0 -28 -14 -18 17 -38 2 -4 19 -32 -70 9 -61 -76 -85 -71 -2 -96 -82 -66 -43 -14 5 -72 -72 -3 -15 -6 -15 -24 -44 -84 -10 18 -82 -66 -95 -51 -76 -95 -79 10 -97 -86 -70 -27 -96 -84 -54 -12 -42 -43 -49 -88 -80 -75 14 -97 -16 -50 -18 -23 -50 -69 -97 -52 -83 19 -79 -37 
-21 -86 3 -6 -97 -15 -47 -63 -21 -44 -82 -46 -23 -91 -32 -40 -15 -75 -51 -19 -35 -38 -88 17 -25 -89 -18 -94 -72 -29 -28 0 -50 -58 -81 -51 -89 -21 -45 20 3 -65 -56 -3 -1 -91 -29 -8 -29 -92 -40 -30 6 -84 -68 -56 -50 -86 -49 16 -61 -63 17 -15 -91 6 -41 10 -85 13 -67 -46 -97 -46 -79 8 4 -79 2 -99 -87 -54 -63 -93 -54 -51 -63 -66 -51 -95 -10 -30 -14 10 -25 -83 -29 -17 -84 -74 
-8 -97 6 -8 -7 -9 -85 14 17 -98 -18 19 -49 -81 -34 -80 3 -62 -78 -38 -30 -29 -19 -100 -100 -33 -90 -38 -68 -91 -14 -50 0 -80 -76 -45 -59 17 -79 -44 -11 -28 -20 4 5 -51 -52 -62 -94 -82 -48 17 -39 -29 20 -53 -82 -28 -73 -94 -54 -50 -94 -68 -34 -88 -28 -94 -1 -17 -42 -67 -68 -82 -92 -45 -63 -28 -67 -12 -28 -49 17 13 -11 10 -73 0 7 -61 9 -22 -23 -69 5 -52 7 6 -4 -69 
-87 -30 -6 -40 -75 -57 -39 -17 8 -10 5 17 -82 13 -83 8 -89 -24 -87 -66 -52 17 -68 -56 -63 -74 -34 -59 -53 -21 -18 -58 -80 0 -9 -61 -88 -38 -6 -68 -11 -22 -75 1 -79 -20 -67 -46 -15 16 -18 -75 -68 -68 6 -20 9 -88 -31 -70 -11 -5 -66 -57 -28 -38 -88 -20 4 6 -52 -27 12 -66 7 -60 -32 2 -5 15 -93 -83 -91 -57 -54 -69 -24 -29 -74 -9 13 -20 -88 -42 -79 -73 -71 -57 -30 -66 
1 -47 -33 -16 -91 -79 -50 -71 -97 -23 -49 -34 1 7 -33 -41 -95 -76 -93 2 8 -93 -4 -9 11 5 -76 15 -91 -90 17 -81 -76 -9 0 -64 -41 -67 1 -55 -49 -76 -54 -57 -10 13 9 -10 16 -33 -76 -28 -8 -95 -74 -22 15 1 -66 -80 -9 -61 12 -73 -87 -81 -93 -21 -65 -96 -50 -88 -16 -27 10 -79 -14 -67 -64 -77 -36 6 3 -91 4 -52 -58 -80 -37 8 -2 -47 -58 -46 -31 -95 18 -67 -41 -89 
-18 -11 -51 -15 -72 9 -59 -18 -68 -93 -25 10 -70 -78 -93 19 -31 -36 -79 -19 -84 -63 -79 -6 -67 -94 -48 -78 15 -34 -38 -51 -45 -61 -64 0 -72 -77 -50 -78 -54 4 -63 -31 -96 -13 -94 4 -22 -90 0 -33 -47 15 -75 -22 -72 -73 -22 12 -82 -72 -71 -38 -69 -91 -90 -92 1 -90 3 -24 -8 13 2 -33 -48 -63 -31 -48 -42 16 0 -1 -15 18 -11 -84 -84 -81 -48 -27 -66 18 -56 -77 -4 -63 -79 -70 
-91 -40 8 -97 -2 1 -84 20 -83 -18 -1 -20 -19 5 -14 0 -27 -28 -100 -68 -45 0 -25 0 -93 -18 -56 -50 -74 -16 2 -89 -59 -88 -41 -72 0 8 -7 -97 -8 -5 -30 -36 -10 -27 -51 -86 -93 15 -23 -26 10 -17 -80 11 -11 -53 -71 -48 -60 -50 -37 -81 17 14 -76 20 -99 8 -76 -55 -22 -68 -57 8 4 -52 7 -75 -19 -88 -5 -98 -85 -94 16 19 -77 -100 6 -73 -29 -58 -99 -25 -23 -51 -75 -31 
-100 -83 17 -15 -17 20 2 -99 -78 -7 -14 -63 -57 -75 -88 -2 -24 -51 -42 -70 17 -82 -30 2 -33 -68 -57 -51 -31 -74 -4 -21 17 -38 -67 -77 8 0 -84 -34 -51 -3 -54 -84 -16 16 -49 3 -15 -19 -31 -15 13 -96 -68 18 -69 -2 -14 -55 -18 17 18 -20 -11 -48 -66 16 -42 -65 -23 -70 -24 -81 5 -82 9 -35 0 -27 -20 -29 -62 -97 -78 20 -9 -76 -95 -51 2 -71 -70 -64 -18 -41 -38 -7 -99 5 
-77 -97 -89 -62 -25 -7 -56 -14 -75 -23 15 -78 2 -35 -59 -72 -83 -80 -57 -65 -29 -28 12 -2 -32 -98 -1 2 -41 -14 19 -45 -79 -6 1 -50 -7 -84 0 -25 -69 -54 -61 -49 -92 16 -40 -15 -64 -20 -26 -65 -39 -94 -72 -68 -82 -77 -46 -48 2 20 -94 -61 -36 -97 -98 -42 14 20 -9 5 -68 7 -96 -56 -2 -35 -22 -81 -58 -44 -17 -39 -49 -80 -14 19 -67 -90 -46 -24 -28 -89 -91 -52 18 -27 19 -78 
-63 -82 -96 -4 -5 -83 -22 4 -22 -81 -66 -81 14 -62 -57 -55 -14 -62 9 11 -98 -93 20 -30 -33 -4 9 -85 17 -60 -32 20 -44 -68 -55 -78 -97 -34 -25 0 -71 -47 -25 9 20 -33 -41 -18 20 16 7 -41 -67 -1 -46 4 -31 -23 5 -25 -33 6 -16 -91 -32 -38 -39 -45 -92 -58 -82 13 12 -98 -78 -60 -25 -62 9 -93 -47 -87 -99 -78 10 17 -34 -36 -6 -72 -2 10 18 -36 -80 -34 -75 -2 -96 -38 
-68 -94 -67 -94 -80 -68 -24 -87 -24 -76 -74 -4 -39 -42 -65 -45 -27 -51 -8 -66 -66 -9 -81 -35 -37 -65 -58 -84 -62 -70 -70 3 -11 -11 -49 -54 -8 -51 -69 -71 0 -84 -29 -73 -18 -45 -72 -1 -19 15 -96 -36 -11 -52 -69 20 -15 13 -37 -79 2 -62 17 -100 -35 -62 15 -61 -37 -99 14 -3 -75 -20 -10 -12 -67 -96 -40 -17 -46 -34 -53 -62 -88 -95 -21 -21 -89 -21 -21 -23 -66 -67 -30 -18 -79 15 -79 -62 
-15 -65 -18 -50 -59 -73 -8 -57 -73 -99 -38 -61 -94 -68 -100 -42 15 -8 17 -64 -51 -16 -78 -26 -85 -56 -80 10 -32 19 9 -65 -28 -22 -76 4 -5 -3 -54 -47 -84 0 -72 -31 -11 -91 -93 -36 -8 -22 -30 5 -44 -16 -29 -3 -5 -30 -68 -41 -57 -52 7 1 -31 -52 -18 -69 -91 -91 -72 -52 -68 -70 -90 -67 -28 4 -55 18 -47 15 -68 -68 -88 -21 20 -61 -91 12 7 2 -84 -48 -27 -87 -82 -100 -87 -66 
-14 -62 -2 -69 -49 17 -60 -31 -97 -56 -30 7 -82 -8 -20 2 -59 -32 -41 -41 -27 -49 -68 -17 -78 -96 -16 6 -69 -99 -61 -56 -20 -75 -54 -63 -30 -54 -61 -25 -29 -72 0 -77 -15 8 -10 -19 -29 -17 5 -99 -43 -40 -1 -37 -28 -21 -55 -92 -98 0 -2 -38 -3 -57 -69 20 -47 14 -11 -99 -35 -18 -11 -24 14 -33 -51 -86 -57 -84 -30 5 -79 16 -94 -51 -92 16 -73 1 -56 -77 -68 -94 -81 -40 -32 -38 
-3 -78 -33 13 -90 14 -21 -61 -69 -33 -20 -27 10 7 15 -31 -51 -16 -95 -50 -88 0 -12 -85 -50 -18 -19 -42 -85 -50 -76 -3 4 1 -57 -31 -36 -84 -49 9 -73 -31 -77 0 12 -7 -39 -61 -26 -3 -89 -24 12 -54 -88 14 -71 -91 -34 3 -35 -18 -69 -37 6 -31 -40 -99 -90 -4 -95 -48 20 -51 -58 9 -65 -61 -61 -91 10 -67 -83 -74 -81 13 -34 16 20 16 8 -82 0 19 -19 -56 -86 -39 8 -8 
-17 -66 -84 -16 -94 -40 -29 -63 9 3 -83 -13 -33 6 11 -74 -90 -27 -14 -49 -47 -49 -21 -100 -43 -91 -15 -9 14 13 -85 -1 5 -79 -10 -96 -10 -16 -92 20 -18 -11 -15 12 0 -53 -86 -43 -61 -13 -56 -58 -4 -54 15 -10 -11 -34 4 1 -94 -29 -65 -40 -56 -4 -50 -52 -4 15 -67 -54 -55 -53 -13 -50 -15 -10 2 -45 -91 -40 2 17 -71 19 -8 2 -68 0 -76 -12 -61 -80 -2 16 -63 -55 -18 -86 
-2 -16 0 -17 -9 -63 -95 -63 -45 -77 -65 -5 -48 3 -85 -66 -75 9 -46 -40 -39 -72 -58 -76 -29 -64 -90 8 -66 -65 -71 -91 -51 -20 13 -13 -27 16 16 -33 -45 -91 8 -7 -53 0 -14 -58 -1 -38 -35 17 -89 -36 -78 -27 5 -58 -15 -73 19 -22 -5 18 18 -99 -69 8 -4 -62 -78 -84 -41 -29 -40 -35 -45 -39 -79 -2 -59 -70 -62 -48 -51 -44 -38 1 -7 -89 -92 -87 -27 -9 16 -60 -22 4 -95 -39 
-61 8 13 -72 -34 -93 -53 -30 -27 -23 -67 6 -23 -24 -28 -10 -97 -72 10 -67 -65 -91 -18 -30 -96 -92 -87 -45 -35 -41 -2 -29 -52 -67 9 -94 -51 -49 -40 -41 -72 -93 -10 -39 -86 -14 0 -17 -51 -19 -81 17 -81 -56 -72 -34 -86 -98 -15 9 -1 -93 -79 -59 -8 -19 -24 6 16 -71 -14 10 -72 -90 -60 -13 -20 -41 -89 19 -72 -8 -92 -44 2 -73 -82 4 -57 -6 -83 -85 7 -30 5 6 -99 -94 -29 -98 
7 -89 -72 -90 -76 -72 -14 14 -39 -17 -70 -8 -68 -57 17 -100 -23 -13 -65 -76 -78 -52 6 -47 -39 -12 -76 -89 -62 -5 -96 -8 -62 -46 -10 4 -86 3 -15 -18 -1 -36 -19 -61 -43 -58 -17 0 -64 -69 -38 19 -10 0 -42 -17 -17 -57 -94 12 -60 -14 -10 -82 -10 20 -42 -8 -45 -50 -17 -84 2 -95 0 -32 -60 -62 6 -55 -3 -1 -38 -44 -56 -27 9 -64 -95 -57 -74 -11 -35 -2 -47 -11 -14 -59 -67 -80 
-61 -55 -50 -69 -43 -61 -79 -14 3 -43 -34 -60 -57 6 -86 -53 -81 -26 -24 -60 -53 18 -7 -51 -4 -46 2 -43 18 -71 -82 -29 -94 -15 16 -22 -93 -15 -64 20 -19 -8 -29 -26 -61 -1 -51 -64 0 -94 -76 -1 -40 2 -77 -95 12 -48 -50 -11 -21 6 -31 -63 -8 -18 -18 -67 12 -73 -77 -29 -51 -42 -53 -39 -29 -30 20 -28 -18 -29 -82 -90 -93 7 -15 -32 -94 -11 -8 -19 11 -97 -71 -73 -32 -91 -74 -93 
-84 -63 20 -65 -6 -68 -4 3 -26 6 20 -64 -80 -28 9 -27 -10 1 16 -16 -15 -67 -21 0 -47 -55 -46 12 -61 -71 -66 -92 -82 16 -33 -90 15 -19 -20 16 15 -22 -17 -3 -13 -38 -19 -69 -94 0 -73 -42 -91 -22 -12 14 -66 2 -86 -100 -6 -82 -15 -75 -15 -11 -29 -58 8 0 -14 -96 -86 7 -47 -4 -12 -6 -57 -77 -93 17 14 5 -50 -16 -59 -38 -76 -53 -92 -26 -76 -40 5 -53 -42 -58 6 -1 
-1 -44 -5 -82 -46 17 -84 12 9 -87 -97 -98 -8 -80 14 -86 -93 8 -93 -17 -66 -97 -70 -52 -41 -70 -77 -32 -58 -54 -43 -40 -48 -18 -76 0 -23 -31 -26 7 -96 -30 5 -89 -56 -35 -81 -38 -76 -73 0 -51 -66 -31 -63 -9 -88 -39 -29 -11 -30 -38 11 7 -79 -71 -5 18 -92 -39 16 -47 -76 -83 -40 -81 -14 -95 -13 -9 -62 -95 -23 -49 -62 -43 -47 -25 -37 5 -44 9 3 -23 20 -70 -98 -95 -40 -60 
-8 -97 8 -14 -23 -18 4 -59 -61 -54 -9 -59 17 -53 -53 -26 -84 1 -32 -98 -76 -6 -1 -81 -84 18 -43 -76 -63 -6 -14 -30 17 -75 -28 -33 -26 -15 -65 -41 -36 5 -99 -24 -58 17 17 19 -1 -42 -51 0 -5 -94 17 13 -52 -52 -93 -93 -93 12 -62 15 -63 -73 -53 -96 14 -31 -92 -36 -73 -82 -33 -8 -89 -46 -77 -55 -59 -54 -56 -76 13 12 13 -18 -72 -7 -35 -30 -11 -86 -98 -44 13 -67 -40 -7 
7 -42 -37 6 -53 -24 -66 16 -14 -14 15 -66 -40 13 20 -69 -95 -11 -35 -26 -71 -2 -100 5 -99 -52 -72 0 -85 -73 5 6 -39 -68 -8 -47 10 13 -39 -67 -11 -44 -43 12 -4 -89 -81 -10 -40 -91 -66 -5 0 -55 -10 -21 15 -74 -15 -49 -86 -34 -31 -40 3 -30 -45 -51 -24 -29 -66 -8 -42 -85 -78 -30 -45 12 -48 -96 8 20 -17 -53 -47 -98 -27 -31 7 -79 -39 -61 -23 -14 -8 -30 -48 -3 19 16 
-47 -53 -5 -35 19 -58 -83 20 -10 -8 10 -42 -70 -25 -98 -98 -8 -57 -48 -31 -77 12 -93 -89 -90 -45 -28 -38 -24 -15 -72 -84 -29 -68 -95 15 -17 -96 -94 -1 -52 -16 -40 -54 -54 -36 -56 0 2 -22 -31 -94 -55 0 -66 -63 -11 -87 -47 -96 -97 -32 -58 -68 16 -57 -9 -70 -62 -78 -47 -14 -35 -69 -38 -18 -97 16 -95 -13 -33 -7 -51 -57 -41 -7 10 -5 4 -92 -22 -91 -69 -20 -9 -76 -96 -55 -79 -81 
-72 -1 -2 -40 15 -64 -77 1 18 -67 -61 -43 -62 -59 -14 -39 -88 -34 -81 -89 3 15 -99 -47 -21 -42 16 19 -77 -52 -72 -68 20 6 -74 -75 -80 -68 -72 -46 -69 -29 -1 -88 15 -78 -72 -42 -77 -12 -63 17 -10 -66 0 -12 -72 -41 14 11 -1 -56 -6 -31 1 -47 -23 -35 -58 -36 -34 -60 18 18 7 -16 -35 -18 -66 -57 -40 -48 -71 -58 -64 -5 -82 8 -99 -43 -68 -25 -92 -67 19 -36 -9 -74 -82 -30 
-55 -97 -96 -87 -55 -48 -4 -96 -83 -71 -29 19 -31 -83 -59 -5 -48 -61 -8 -44 4 -15 -7 -16 1 -79 -68 13 -56 6 -3 -56 -53 -20 -22 -22 11 18 -68 4 20 -3 -37 14 -10 -27 -34 -17 -95 14 -9 13 -21 -63 -12 0 -32 13 -45 -19 6 -70 -79 -33 -50 -64 -2 6 -42 11 -76 -14 -64 -1 -56 -39 -13 20 -48 -5 9 -14 -100 -77 7 -79 -40 -60 -43 -12 -77 -42 -31 16 -60 -13 -45 -1 -90 -55 
4 15 -42 -7 -95 -6 -34 -86 -80 -36 -35 -57 -49 18 -5 -55 -3 -95 -38 -10 -46 -78 6 1 -57 -89 -100 -46 -82 -67 -15 -50 -82 9 15 -72 -11 -69 -82 -31 -15 -5 -28 -71 -11 5 -86 -17 12 -66 -88 -52 15 -11 -72 -32 0 -10 -6 -55 -36 3 -79 19 -88 -22 -7 -34 -77 -61 -3 -18 -49 -33 -97 -30 -5 -60 -66 -26 -68 18 18 -5 -20 -32 -62 -16 -30 -99 -33 -26 -84 1 -41 -64 -40 -12 -76 -91 
-96 -94 -85 -59 -92 3 -96 -74 -23 -94 -62 -12 -92 -66 -29 2 -14 7 -22 -36 -93 -88 -77 -23 -65 -22 -64 -60 17 -58 -6 -86 -28 -88 1 -73 -53 -2 -77 -23 13 -30 -21 -91 -34 -58 -98 -57 -48 2 -39 -52 -74 -87 -41 13 -10 0 -33 -7 1 -36 -32 -62 -8 -70 -59 -62 -77 -71 -45 -76 5 1 -51 -68 -79 -59 -86 16 -10 -35 -98 -9 -12 -99 19 -16 0 -57 -69 -55 -30 8 -37 -5 6 -31 -82 19 
-58 -35 -71 -9 -71 -91 -16 -69 -85 -72 4 -75 15 -48 -2 -64 -47 -3 -27 -75 -94 9 -67 2 -38 -72 -13 13 8 -31 -15 -49 -73 -31 -66 -22 -71 -14 -46 5 -37 -68 -55 -34 4 -15 -15 -94 -50 -86 -29 -93 -15 -47 14 -45 -6 -33 0 14 -42 1 -33 -16 -70 -53 15 -67 19 -30 1 -79 -4 6 -34 -89 -32 -7 -46 13 5 -88 -29 15 -94 -72 -10 12 -64 -77 -68 -98 -69 -80 -88 -93 -78 -32 12 -74 
-11 -100 -24 -34 -100 -96 -61 3 -18 11 -59 -59 -68 -70 -3 -15 -31 -99 -93 -32 -18 -39 2 -17 5 -80 -58 -7 -32 -51 -24 16 -94 -70 -80 12 -48 -55 -48 -25 -79 -41 -92 3 1 -73 9 12 -11 -100 -11 -93 -49 -96 11 -19 -55 -7 14 0 -76 -94 -88 -10 -54 -3 -84 -1 17 -59 -83 -33 -53 -17 -18 -15 -30 -13 -22 3 -67 15 -39 -29 -91 2 -8 -68 -92 -41 -100 -10 -42 -83 -88 -78 -6 -49 -98 -90 
-20 14 -62 -45 -67 -49 -5 -75 -38 -51 5 -50 -69 -11 -21 -39 -54 2 -22 -49 0 8 -63 -73 -49 -83 -58 -53 -63 -60 -44 -61 -54 -11 -9 -82 -60 -18 2 -33 2 -57 -98 -35 -94 19 -1 -60 -21 -6 -30 -93 -86 -97 -1 6 -36 1 -42 -76 0 6 -48 18 0 6 9 -17 -65 -24 -73 -55 -42 -70 -28 -43 4 -41 -46 -81 -83 -94 -6 7 -62 -54 -56 -92 -48 -48 -70 -88 -41 -68 0 -91 8 -30 -76 -74 
5 -16 -47 -37 -12 -24 -26 -49 -65 -95 5 -32 12 -53 -9 -22 6 6 -97 -53 -90 -13 15 -3 -75 -97 -3 15 -43 -34 -84 -63 -50 -5 -61 -72 -50 17 20 6 -62 -52 0 -18 -29 -22 -93 -14 6 -82 -38 12 -34 -32 -56 -70 3 -36 1 -94 6 0 -58 -13 -27 -12 -37 -13 -58 7 -85 -82 -84 11 -99 18 -65 -28 -8 -71 -40 -25 -85 -90 -97 -93 -90 -13 -40 -17 -15 -54 -21 -40 -89 -48 -71 -75 -87 -57 
-1 -81 -71 -84 -85 -26 -2 -4 5 -74 6 2 -50 20 -97 -22 -22 -93 -39 -84 -55 -20 -58 -33 -1 -4 -61 -46 -92 13 -10 17 -94 -66 12 -71 -37 18 -94 -16 17 7 -2 -69 -65 -5 -79 -10 -31 -15 11 -62 -31 -58 -6 -79 -79 -32 -33 -88 -48 -58 0 -53 -29 -60 -7 -85 -22 -66 -96 -75 -79 -55 -48 -72 -94 -83 7 -73 -92 -32 17 -9 -37 9 -67 -39 -12 -30 -98 16 -36 12 -66 -20 -38 -65 -7 -74 
-53 -87 -60 -6 5 -99 -66 0 -57 -97 4 2 18 -91 12 -28 -9 6 -47 -4 -82 -41 18 -52 -2 -39 -71 5 10 -82 18 -15 -68 -57 -73 -38 -81 -20 -61 -91 -100 1 -38 -37 -40 18 -59 -82 -63 -75 7 15 -40 -68 -31 -33 19 -62 -16 -10 18 -13 -53 0 -65 -84 -57 -60 -68 -48 6 10 -90 -54 -36 -60 -71 -3 -55 -91 -51 -74 -26 -67 -51 -89 -75 -61 -30 -88 -91 0 -86 -65 -49 -31 -2 -87 -24 14 
12 4 -46 -22 -45 -67 19 -24 4 -11 -64 -63 -55 -82 -50 -6 -87 -88 -17 -5 -45 -23 -75 -54 -21 -56 15 -5 -84 -14 -82 -91 -34 -28 -87 -69 17 -11 -36 -32 -35 -31 -3 6 -56 18 -8 -10 -8 -15 -79 -63 3 16 1 -50 -88 -8 -70 -54 0 -27 -29 -65 0 -28 -17 -21 -74 -47 -22 3 -39 -47 3 8 -6 -66 -52 -33 4 -4 -37 -100 -30 -33 -60 -41 -52 17 -77 -82 -85 -18 -13 16 -76 -30 -55 4 
-91 -44 2 -34 -47 19 10 -44 -63 -3 9 -82 -98 14 -82 -82 -27 10 12 -66 -78 -37 -10 -44 -78 -3 -80 -16 -64 3 -66 6 -88 -38 -81 -91 14 -48 -97 -38 -62 -52 -57 -31 -4 -99 -19 20 -18 -11 -71 -73 -30 -57 -47 -64 -22 -70 -53 -3 6 -12 -60 -84 -28 0 10 17 -93 -67 -56 -13 -93 -50 -71 -63 -43 17 -33 -60 -16 -99 -100 -24 -72 -62 -82 -45 -18 -58 -80 -49 -99 -64 -77 16 -19 -62 -63 -79 
12 -88 20 -39 -74 -38 -91 -72 -45 -81 0 -33 6 -38 -2 -96 -74 -67 -26 -35 17 19 -52 -60 13 -11 -60 -75 -6 -3 -95 -41 -28 -88 -93 -90 -76 -66 -98 -39 15 -18 -69 -40 -50 -69 -24 -42 -18 -29 -5 -53 -45 -9 -23 -2 -7 -59 15 -84 9 -37 -7 -57 -17 10 0 -43 -99 -82 8 -48 -81 -80 -87 -31 16 -42 -99 -16 -36 -29 -78 -51 7 17 -55 -59 15 -62 -52 -1 -100 -55 -21 -46 -45 4 0 1 
-42 -47 -59 -19 -18 -85 -11 -38 -23 -44 -80 -31 0 20 -41 10 -31 -85 12 -10 -63 -17 -59 -96 -85 -86 -47 18 -89 -47 -51 10 -94 -20 -21 -92 20 16 -42 -45 -61 -69 20 -99 -52 8 6 -8 -67 -58 18 -96 -51 -70 -35 6 -34 -62 -67 -1 -17 -13 -85 -60 -21 17 -43 0 6 -75 -59 -89 -71 -64 -54 -68 -41 3 -80 17 -98 -20 -4 -56 -61 -40 15 -47 -97 -84 0 -50 -30 -62 -26 -77 -19 14 -85 -73 
2 -81 -4 14 -3 -12 -42 -6 -77 -76 -100 -90 -51 18 -88 -17 -10 -2 -66 -45 -6 -67 -27 -48 -16 -71 -12 -52 -3 -69 -76 -85 -1 4 -65 1 -99 -42 14 -92 -37 -91 -47 -90 -4 -4 16 -45 12 8 -92 14 -24 -62 -58 -42 -77 -77 19 17 -65 -58 -22 -68 -74 -93 -99 6 0 -38 11 -76 14 -15 -73 -97 -29 -9 -28 -46 -85 -22 5 -48 -10 -57 -95 -80 -19 -32 8 -94 -37 5 10 -47 -12 -41 -57 -13 
-61 4 -56 -99 -37 3 -48 -85 -81 -46 0 17 -57 -54 -44 -72 -4 -17 7 -64 -58 -99 -54 -51 -6 -80 -12 -82 -71 -79 -95 13 -17 6 -96 -90 8 -65 20 -58 -99 -91 14 -4 15 -62 -71 -50 -73 0 -39 -31 -29 -78 -36 11 -61 -71 -30 -59 -24 7 -66 -48 -47 -67 -82 -75 -38 0 0 -67 -17 -100 -86 1 -4 -22 -72 -58 -12 -34 -72 -77 10 -43 -91 -16 -31 1 -77 -90 -90 -29 -8 17 11 19 -80 -54 
-15 -51 18 -43 -65 -18 -11 -9 -24 -6 16 5 -7 20 -71 -95 -1 -84 -11 -70 -6 -49 -64 -69 -82 -15 -69 -51 -19 11 -79 -67 -42 -52 -50 3 -76 -23 -9 -82 14 -72 -11 -95 -67 -78 -14 -17 -77 -14 16 -92 -66 -47 -34 -76 -3 -45 1 -83 -73 -85 -96 6 -22 -56 8 -59 11 0 0 -84 -39 -78 -92 4 -5 -38 -11 -55 9 9 -16 -16 -52 -8 -27 -97 -79 4 10 -45 -22 6 -88 -12 -64 -94 -17 -94 
-45 -94 -99 -43 -28 -69 -20 -24 -88 -96 -73 -30 -57 -15 2 2 -87 -80 -32 -65 -47 -43 -35 14 17 11 -46 -47 -73 -35 10 -46 -67 -27 -88 -24 -55 -70 5 13 -3 -52 -99 -48 -54 -84 10 -84 -29 -96 -47 -36 -8 -14 -60 -14 -18 -76 -79 -33 -55 -82 -75 10 3 -13 -48 -89 -76 -67 -84 0 0 -2 -15 -66 -78 8 -18 9 -49 -25 -86 -53 -75 -62 -86 -66 -39 -56 -83 -83 -51 -65 -91 -100 13 -82 -33 -42 
-82 -89 -64 -27 -23 -83 -41 8 -68 -23 -28 -56 -19 -8 -43 0 -83 -28 13 -52 -3 6 -65 19 -28 -20 -45 -88 -98 9 -97 -97 -68 12 -16 -8 -22 -24 -68 12 -75 -68 -35 20 -55 -41 -72 2 -51 -86 -76 -73 -42 -35 18 -64 -49 5 -4 -53 -42 -84 -79 -90 -39 -93 -81 -71 14 -17 -39 0 0 -19 19 -98 -70 -8 -23 -14 -70 -1 -28 -16 -94 -38 -56 10 -24 -13 -49 -55 7 -64 -22 -96 -100 -33 -37 -87 
-85 -44 -32 -52 -93 -82 -62 -28 -83 -26 -90 -76 -91 -37 -71 -5 -78 -53 -60 -51 -47 -25 -72 -35 -64 19 -51 -97 -43 -18 -86 -46 -82 -66 -27 13 -68 -81 7 -98 -20 -70 -18 -51 -53 -29 -90 -95 -42 7 -83 -82 -85 -69 18 -1 -33 1 6 -17 -70 11 -55 -54 -47 -50 -80 -64 -15 -100 -78 -2 -19 0 -87 13 -20 17 3 -33 -79 -54 -85 -15 -43 -25 -15 20 -6 -80 -78 8 5 -83 -79 -35 -16 -32 -94 -72 
-8 -3 -96 -26 -80 -33 -43 -81 -82 -14 -39 -87 -70 -94 -55 -83 -69 -13 -41 -83 -57 -83 -56 -76 -81 2 -51 -68 -4 -9 -70 -79 -92 7 10 2 -57 5 -96 -78 -10 -90 -11 -58 -13 -40 -60 0 -53 -47 -40 -33 -78 -38 7 -56 -97 -51 -34 -18 -28 -99 -48 -36 3 -71 -87 -54 -73 -86 -92 -15 19 -87 0 -18 -29 -55 -22 -91 -80 13 -65 -61 -57 16 -97 -96 -46 -64 -36 -97 -17 -97 2 -37 -97 12 -64 -10 
7 16 -31 -99 -90 -94 -1 -80 -26 5 -94 -13 19 -35 -85 -61 -25 14 -99 1 -97 8 -12 -18 -72 -49 -68 7 -52 -23 -27 8 -45 -60 -79 -33 8 -82 -56 -60 -12 -67 -24 9 -50 -35 -13 -32 -39 -4 -81 -8 -30 -18 -16 -39 -30 -68 -89 -15 -43 18 -72 -60 8 -63 -31 -68 -97 1 4 -66 -98 13 -18 0 -99 -75 13 -19 -71 -9 12 -67 -31 16 2 -53 -84 -26 -65 4 -28 4 -45 0 -75 17 -67 -98 
11 -95 -17 -56 -58 -20 -81 -68 19 -51 -82 -31 -63 -80 7 -33 -97 -90 6 19 -89 -89 18 -49 -45 -57 -96 -89 -13 -49 -96 4 -63 -32 -14 -48 4 9 -2 -25 -67 -28 14 -65 -15 -45 -20 -60 -29 -12 -14 -89 -45 -97 -35 -13 -5 -79 -32 -30 4 -65 -94 -71 -6 -43 16 -41 -29 -4 -5 -78 -70 -20 -29 -99 0 -54 -82 -99 -30 -79 -35 11 -38 -57 -3 -1 -10 -63 6 4 -99 -88 -18 -64 9 -100 -26 -93 
-44 -5 -94 -24 -75 -19 6 8 -10 -60 12 -74 -52 -34 -81 6 -92 -93 -9 -65 -25 9 -96 15 -82 7 -84 -57 -92 -20 -84 -79 -28 2 -67 -63 -52 -35 -35 -62 -96 4 -33 -61 -10 -39 -41 -62 -30 -6 -95 -46 12 16 -18 20 -60 -59 -7 -13 -41 -28 -83 -3 -66 17 -42 3 -9 -22 -38 8 -8 17 -55 -75 -54 0 -76 -92 -52 -23 -20 8 -52 -1 -83 -22 -26 -43 -53 -84 -29 -13 -2 0 6 -41 -24 -81 
13 2 -51 -48 -32 -85 -33 -96 14 -83 -57 19 -85 -3 -33 -35 -2 -21 19 -16 2 1 15 -43 -96 -32 -13 -5 -76 -34 -54 2 -67 -5 -64 -31 7 0 -22 9 -40 -55 -51 -61 2 -79 -89 6 20 -57 -13 -77 -48 -95 -66 -48 -66 -86 -46 -22 -46 -8 7 -55 -52 -33 -99 -80 -28 -72 -11 -18 -23 3 -22 13 -82 -76 0 14 -86 -30 -89 -21 -85 -35 -82 -42 -88 -90 -21 -49 20 -12 -68 -99 -3 -90 13 3 
11 16 -87 20 -38 -22 -76 -19 15 0 -73 0 8 -78 -5 -29 -66 12 -60 -4 -30 -74 -94 -76 -8 -38 -23 -24 -63 -38 -12 -99 -12 15 -77 -48 -75 -27 -81 -93 -17 18 -86 -91 -45 -2 19 -55 -28 -77 -9 -55 -96 -13 -57 -5 -26 16 13 3 -81 -71 -73 -91 -33 -60 -16 17 -46 -58 -55 9 -14 -33 -91 -19 -99 -92 14 0 -33 -18 -46 -69 -72 13 -28 -52 -32 -12 -4 -26 -94 -92 -19 -28 -38 -18 -85 -95 
-61 -23 17 -21 17 -78 -30 -9 -51 8 4 13 -61 -6 -66 -57 -11 -56 -55 -8 -51 -56 -36 -50 -4 3 -11 -24 -25 -2 -42 -87 -28 -93 -36 -42 -19 -20 -58 -47 -46 -47 -57 10 -91 -59 -72 -3 -18 -93 -62 -59 8 -33 -40 9 -68 -10 5 -67 -83 -40 -92 -51 4 -16 -36 -98 -85 -12 9 -49 -70 -79 -80 -71 -30 -52 -86 -33 0 -12 -25 -65 -25 -58 -68 -62 -13 -97 -7 18 20 -75 -4 -87 -37 -15 -18 4 
-85 -91 -66 -34 -12 -87 -91 0 -23 -77 -66 -77 -14 13 -12 -92 -74 13 -17 -64 -97 -64 -12 -83 -24 -73 -50 -54 -83 -75 -43 -54 -49 -83 6 16 -88 -29 -44 -87 -34 15 -84 -67 -40 -70 -8 -1 -29 17 -95 -54 20 -7 -48 -14 18 -35 -88 15 -94 -25 -32 -74 -4 -99 -29 -20 -22 -34 9 -25 -1 -54 13 -9 -79 -23 -30 -18 -12 0 6 -50 -83 -72 -38 -81 -39 -40 -36 -33 -85 -91 -41 -62 -12 13 -19 -76 
-38 0 -71 -34 -82 -58 5 -52 12 -4 -46 -76 -24 -65 -35 -22 -80 -94 -53 16 -86 11 -61 -84 -75 16 -90 -33 -46 -32 -49 -63 17 -91 3 0 -5 -62 -17 -99 -53 -68 -30 -83 2 -62 -92 -38 -82 14 -23 -56 -17 -51 -71 -100 18 -98 -29 -39 -6 -85 17 -26 -37 -100 -78 -4 5 -72 -16 -86 -28 -85 -65 12 -35 -20 -89 -46 -25 6 0 18 -49 14 -73 5 -38 11 14 -38 -20 15 19 -34 14 4 -50 -68 
-7 14 11 -35 -30 -73 -41 -20 -71 -45 -26 -16 11 -41 -66 -8 -66 -10 -81 -96 -3 -34 2 -73 -63 -30 -18 -61 -3 9 -88 -93 13 -57 -91 -1 -98 -97 -39 -78 -62 -68 5 -74 17 -48 -44 -44 -90 5 -49 -76 -53 -57 -58 -77 -5 -9 15 -29 7 -90 -9 -67 -100 -24 -51 -56 -48 -77 -16 -53 -16 -15 -61 -67 11 8 -21 -69 -65 -50 18 0 -54 -25 -36 -22 4 19 -3 -79 -54 -67 -36 -78 -12 -60 -51 -61 
-92 -59 -45 -13 -49 -48 -66 -59 9 3 -21 -16 -30 11 -67 -66 -7 -21 -99 3 -36 -33 -55 -42 -66 -15 -58 -76 -74 -35 -80 -54 -11 -54 4 -15 -85 -78 -49 10 -88 -88 -79 -81 -71 -51 2 -56 -93 -50 -62 13 -47 -41 -64 7 -20 -12 -94 -91 -62 -97 -37 -51 -30 -72 7 -61 -10 10 -52 -75 -94 -43 -57 -31 -38 -52 -85 -72 -25 -83 -49 -54 0 3 -12 -14 -80 -55 10 -35 -2 -99 -20 12 -11 -14 -15 15 
10 -63 -86 -1 5 -45 -23 -66 12 -93 -41 -5 -57 19 -40 -88 10 -60 -8 10 -32 -13 -19 -51 -63 -100 -89 -36 -38 -21 -75 -51 10 -69 -52 18 -94 20 -80 17 -95 -21 16 13 19 -44 -73 -27 7 -16 -43 12 -98 -7 -5 -79 -32 -99 -72 2 -54 -93 9 -89 -33 -62 17 -40 -57 -43 -8 -62 -38 -25 16 16 -57 -1 -35 13 -58 -72 14 -25 3 0 15 14 -65 -13 -35 -20 -100 -2 -5 -27 2 -92 4 8 
7 -62 -27 -50 -46 -55 12 -83 -46 -7 12 -46 10 -7 -99 6 3 14 10 7 -97 -57 -10 -49 -56 -88 -91 -86 -4 -66 14 -63 -73 -24 -58 -11 16 -9 -14 -34 -21 20 -94 -34 -8 -38 -82 9 -15 -59 -47 13 -27 10 -82 -40 -62 19 -10 -8 -56 -90 -67 -75 -60 -82 -55 15 -95 -91 -27 -86 -56 -15 -97 2 -3 -83 -82 -28 -68 -38 -73 -36 -12 15 0 -43 15 -81 13 -20 20 13 -16 2 -44 -54 -53 7 
-79 1 -17 -47 -39 -2 -96 16 -17 -50 -64 -71 -5 -27 -67 -43 -44 -81 -98 -80 -33 -84 -20 15 -33 -68 -84 -65 -92 16 -97 -66 0 -29 -80 -84 19 -76 19 -36 -21 -61 -51 16 2 1 4 -64 -32 -38 -25 -18 -31 -5 8 -60 -16 -16 12 -68 -92 -13 -39 -61 -41 -45 -59 -47 -80 -16 -97 -66 10 20 -96 -53 -1 -22 -42 -52 -62 -81 5 -22 -14 14 -43 0 -16 18 7 -75 9 -65 -5 -50 -39 -71 -90 -89 
18 -59 -89 -46 -68 -45 18 4 -27 -77 -31 -25 9 -81 2 -16 -88 -17 11 -46 -47 -65 -76 14 -15 -69 -78 10 -59 15 -16 -51 7 -74 -37 -84 -77 -95 -67 -6 -89 -91 -92 20 -68 -7 -57 -95 -94 -76 -37 -72 7 4 -99 -43 -30 0 -64 -92 -48 -40 -12 -30 -52 -18 15 -97 -19 -31 -79 -39 -24 -6 -46 -84 -10 -26 -88 -32 -13 -39 -38 4 -80 -65 15 -16 0 -75 -39 -76 13 -43 -17 -6 -67 -98 -90 -4 
-100 12 -40 -33 -75 -5 -62 -56 -62 15 -37 -39 -88 -87 -3 -31 17 -5 -79 11 -91 -38 -42 3 6 -68 -10 -56 -71 -1 -50 -95 -61 -9 8 -81 -100 -51 -90 -72 -21 12 16 16 0 -89 -6 -57 -11 -53 5 -7 -79 -92 -43 -12 -99 -57 -77 -41 -48 -17 -30 -88 17 -58 -62 -84 -32 1 4 -56 -13 -80 -64 -26 -63 -43 -90 -12 -97 -40 11 19 -55 -13 -81 18 -75 0 -84 -7 -93 9 -61 -65 9 -57 -44 -14 
-97 -50 -37 -85 -12 -53 14 -83 -57 -16 12 4 -74 -4 -4 -69 13 -4 -77 -18 -84 -15 17 -82 10 1 -56 -78 -70 -78 -18 -10 9 13 -2 -48 6 2 -46 -2 -21 7 -73 8 -76 -92 -83 -74 -8 -92 -44 -35 -39 -22 -68 -77 -33 -69 -68 -100 -70 -15 -98 -91 -77 -80 -52 0 8 -77 10 -83 -49 -78 -36 -65 6 -53 -21 -4 -7 -36 14 -3 10 -35 13 7 -39 -84 0 -26 -14 -54 -99 -54 -1 17 -45 -22 
18 -19 -89 -91 -84 -43 18 -67 -21 -33 -57 -84 -95 -35 -27 -37 -11 -62 -11 -77 -7 -10 -3 18 6 -67 -4 -70 -8 -59 -23 -30 -22 -20 -47 -27 -73 -71 -24 10 -23 2 1 -82 -12 -87 -85 -11 -19 -26 9 -30 -61 -91 -25 -42 -26 -55 -98 -10 -88 -54 16 0 -82 -49 -1 -50 -94 -90 -45 -83 -55 8 -97 4 4 -84 -49 -26 18 -33 -38 -79 -35 -20 -20 -75 -76 -7 -26 0 -22 -72 -82 -97 -64 -47 11 8 
-40 14 -69 6 6 -40 -68 -79 -100 -60 -69 -26 -15 -24 2 -62 14 -9 -97 -84 -62 -60 16 4 -64 -74 -24 -59 -66 -4 -50 -14 -23 -88 -58 -66 -29 -70 -28 18 -66 -84 -56 0 -61 -27 7 -35 11 -76 3 -11 -23 -69 -92 -31 -84 -30 -69 -42 -41 -21 -36 -86 -85 -99 -100 -30 -37 -90 -22 -51 7 5 -17 -28 -99 -29 20 -94 20 -85 -20 -54 -2 -100 20 9 13 -93 -14 -22 0 -56 -51 -10 -21 -52 -38 -89 
-82 -53 -31 1 -51 18 -66 -3 5 -21 -64 5 -13 -69 -70 -52 -16 -54 -72 -61 -72 -67 0 -53 -9 -44 -54 -32 -99 -54 -69 10 -69 -42 -46 18 -58 -64 -89 -36 -67 -48 -77 19 -80 -9 -30 -2 -97 -40 -23 -86 -14 -20 -67 16 1 8 -80 -83 -68 -40 12 -65 -18 -64 -55 -62 5 -29 6 -65 -64 -83 -97 4 -88 -13 -12 -92 -75 -91 15 -67 -99 -2 13 -65 -43 9 -54 -72 -56 0 -69 -70 -26 -14 -28 -96 
-95 -32 -53 -53 -2 -40 5 -93 -41 -31 -83 -26 -69 7 -81 -60 -58 -8 8 -18 -23 11 -60 -75 -33 -60 -76 -40 -24 -64 -97 -25 5 -79 -31 -56 -99 -18 -91 -80 -30 -27 -68 -19 -2 16 5 -47 -71 5 20 -98 -8 -9 19 -60 -41 -37 -88 -88 0 -89 -66 -49 -13 -77 -21 -26 10 -8 -88 -91 -22 -79 2 -45 -18 -2 -68 -19 -4 -41 19 -36 -20 -5 -16 -5 -17 -61 -99 -82 -51 -69 0 -56 -54 3 -64 -40 
-15 -91 9 -35 -70 -30 -87 16 20 -45 -61 -73 -41 18 -100 -27 -89 -79 -63 -56 -18 -81 -18 -67 -95 -96 -9 -69 -83 -34 -52 -83 -52 -73 -95 -77 -25 -41 -52 -34 -18 -87 -94 -56 16 -60 6 -11 -73 -53 -70 -44 -30 -76 -36 -13 -64 -5 -93 -78 -91 -48 -20 -31 16 16 -46 -77 -47 17 -12 -100 -96 -35 -37 0 -64 0 -99 -28 -87 -62 -34 -78 12 -27 2 -50 -6 -65 -54 -97 -10 -70 -56 0 -57 -83 -72 -26 
-44 -60 -3 13 -47 -84 -48 -100 -10 10 -43 -25 5 19 -89 19 20 -50 -65 -43 -53 -88 -17 -79 -34 -77 -11 -85 -18 10 -83 -29 7 -71 18 -4 -23 -38 18 -75 -79 -82 -81 -86 -63 -22 -99 -14 -32 -42 -98 13 -48 -96 -9 -45 -40 6 -78 -6 8 -71 -38 -2 -76 -19 -45 -19 -12 11 -64 13 -100 -16 -97 -75 9 6 -3 -38 -37 -12 14 -12 -11 2 -44 -39 -67 9 -1 -64 -21 -26 -54 -57 0 -54 -44 -35 
7 -30 -99 -1 -34 -2 5 -73 -53 -95 -33 -6 -54 -57 -63 17 14 17 1 -24 -37 -96 18 -74 -10 -65 -29 -26 -24 13 19 -17 6 -57 -67 -63 -51 -7 -27 -2 15 -100 -40 -39 -55 4 -94 -59 -91 -58 -95 -67 -3 -55 -74 -1 -12 -31 -32 -49 -30 -75 -65 -87 -30 -62 4 14 -41 19 -94 -82 -33 -32 12 17 -100 -41 -90 -18 -15 13 4 -60 -14 -92 -54 -71 -98 -57 17 -47 -52 -14 3 -83 -54 0 -38 -9 
-64 -25 19 14 -7 -58 14 -33 -44 -68 -52 9 -87 -10 -42 -4 -4 -73 -66 -77 -50 -35 -12 -45 -26 -95 -36 -76 -36 -14 -79 -84 -4 -30 -41 -79 -75 -99 19 -96 -79 -87 -32 8 -18 -95 -29 -67 -74 6 -40 -40 19 -79 -82 -90 -76 -82 12 -98 -76 -87 -7 -24 -55 -63 0 -85 -57 -80 -17 -33 -37 -94 -64 -67 -26 -24 13 -85 -18 -19 -50 -51 -15 4 -53 -90 -90 -44 -45 11 -38 -28 -64 -72 -44 -38 0 -25 
17 -17 6 -33 -33 -13 14 5 20 -52 -86 -97 -43 -66 -23 -94 -88 -27 -66 -14 -40 -62 -51 -16 -84 -22 -83 18 -76 13 -37 -74 -69 -66 -89 -70 -31 5 -78 -38 -62 -66 -38 -8 -86 -39 -98 -80 -93 -1 -60 -7 16 -81 -30 -55 -91 19 -74 -90 -74 -57 -74 14 4 -79 1 -73 -13 -54 -94 -42 -87 -72 -10 -98 -93 -81 3 -95 4 -76 -68 -61 15 8 7 -89 -4 -14 -22 8 -89 -96 -40 -26 -35 -9 -25 0